152064
216576
275456
334848
394752
454656
514048
572928
631808
692224
750592
809984
868864
927744
986624
1046016
1104896
1164288
1223168
1285120
1344000
1403392
1462784
1522176
1581568
1642496
1702912
1766912
1827840
1887232
1947136
2007040
2066944
2080256
2080256
2080256
2080256
2080256
2080256
2080256
2080256
2080256
2080256
2080256
2080256
2080256
2080256
2080256
2080768
2080768
2080768
2080768
2080768
2080768
2080768
2080768
2080768
2080768
2080768
2080768
2080768
2080768
2080768
2080768
2080768
2080768
2080768
2080768
2080768
2080768
2080768
2080768
2080768
2080768
2080768
2080768
2080768
2080768
2080768
2080768
2080768
2080768
2080768
2080768
2080768
2080768
2080768
2080768
2080768
2080768
2080768
2080768
2080768
2080768
2080768
2080768
2080768
2080768
2080768
2080768
2080768
2080768
2080768
2080768
2080768
2080768
2080768
2080768
2080768
2080768
2080768
2080768
2080768
2080768
2080768
2080768
2080768
2080768
2080768
2080768
2080768
2080768
2080768
2080768
2080768
2080768
2080768
2080768
2080768
2080768
2080768
2080768
2080768
2080768
2080768
2080768
2080768
2080768
2080768
2080768
2080768
2080768
2080768
2080768
2080768
2080768
2080768
2080768
2080768
2080768
2080768
2080768
2080768
2080768
2080768
2080768
2080768
2080768
2080768
2080768
2080768
2080768
2080768
2080768
2080768
2080768
2080768
2080768
2080768
2080768
2080768
2080768
2080768
2080768
2080768
2080768
2080768
2080768
2080768
2080768
2080768
2080768
2080768
2080768
2080768
2080768
2080768
2080768
2080768
2080768
2080768
2080768
2080768
2080768
2080768
2080768
2080768
2080768
2080768
2080768
2080768
2080768
2080768
2080768
2080768
2080768
2080768
2080768
2080768
2080768
2080768
2080768
2080768
2080768
2080768
2080768
2080768
2080768
2080768
2080768
2080768
2080768
2080768
2080768
2080768
2080768
2080768
2080768
2080768
2080768
2080768
2080768
2080768
2080768
2080768
2080768
2080768
2080768
2080768
2080768
2080768
2080768
2080768
2080768
2080768
2080768
2080768
2080768
2080768
2080768
2080768
2080768
2080768
2080768
2080768
2080768
2080768
2080768
2080768
2080768
2080768
2080768
2080768
2080768
2080768
2080768
2080768
2080768
2080768
2080768
2080768
2080768
2080768
2080768
2080768
2080768
2080768
2080768
2080768
2080768
2080768
2080768
2080768
2080768
2080768
2080768
2080768
2080768
2080768
2080768
2080768
2080768
2080768
2080768
2080768
2080768
2080768
2080768
2080768
2080768
2080768
2080768
2080768
2080768
2080768
2080768
2080768
2080768
2080768
2080768
2080768
2080768
2080768
2080768
2080768
2080768
2080768
2080768
2080768
2080768
2080768
2080768
2080768
2080768
2080768
2080768
2080768
2080768
2080768
2080768
2080768
2080768
2080768
2080768
2080768
2080768
2080768
2080768
2080768
2080768
2080768
2080768
2080768
2080768
2080768
2080768
2080768
2080768
2080768
2080768
2080768
2080768
2080768
2080768
2080768
2080768
2080768
2080768
2080768
2080768
2080768
2080768
2080768
2080768
2080768
2080768
2080768
2080768
2080768
2080768
2080768
2080768
2080768
2080768
2080768
2080768
2080768
2080768
2080768
2080768
2080768
2080768
2080768
2080768
2080768
2080768
2080768
2080768
2080768
2080768
2080768
2080768
2080768
2080768
2080768
2080768
2080768
2080768
2080768
2080768
2080768
2080768
